Version 0.9.7
5
 4 10 175 77 128 0 1
 5 80 400 206 81 2 2
 0 110 110 877 276 8 3
 1 122 417 206 81 140 4
 3 614 43 203 58 160 6
 0
21
 16711680 5 625 80 625 80 176 80 176 80 176 358 176 358 0 6 0 3
 16711680 5 163 358 163 358 71 358 71 358 71 288 71 288 0 3 0 1
 16711680 5 71 189 71 189 71 124 71 124 163 124 163 124 0 1 0 3
 16711680 5 137 428 137 428 137 124 137 124 176 124 176 124 0 4 0 3
 16711680 5 137 486 137 486 137 358 137 358 189 358 189 358 0 4 0 3
 16711680 5 436 215 436 215 436 215 436 124 436 124 436 124 0 3 0 3
 16711680 5 527 280 527 280 527 280 527 358 527 358 527 358 0 3 0 3
 16711680 5 449 215 449 215 449 87 449 87 660 87 660 87 0 3 0 6
 16711680 5 462 215 462 215 462 93 680 93 680 87 680 87 0 3 0 6
 16711680 5 475 215 475 215 475 101 700 101 700 87 700 87 0 3 0 6
 16711680 5 488 215 488 215 488 108 720 108 720 87 720 87 0 3 0 6
 16711680 5 501 215 501 215 501 117 740 117 740 87 740 87 0 3 0 6
 16711680 5 514 215 514 215 514 129 760 129 760 87 760 87 0 3 0 6
 16711680 5 527 215 527 215 527 141 780 141 780 87 780 87 0 3 0 6
 16711680 5 514 280 514 280 514 300 800 300 800 87 800 87 0 3 0 6
 16711680 5 501 280 501 280 501 280 501 358 501 358 501 358 0 3 0 3
 16711680 5 488 358 488 358 488 358 488 280 488 280 488 280 0 3 0 3
 16711680 5 475 280 475 280 475 294 397 294 397 124 397 124 0 3 0 3
 16711680 5 462 280 462 280 462 285 216 285 216 428 216 428 0 3 0 4
 16711680 5 197 428 197 428 197 280 197 280 449 280 449 280 0 4 0 3
 16711680 5 436 280 436 280 178 280 178 280 178 428 178 428 0 3 0 4
1
 7138 1 16 430 228 5 0 0 0 3
