Version 0.9.7
6
 4 10 175 77 128 0 1
 5 80 400 206 81 2 2
 0 110 110 877 276 8 3
 1 126 409 206 81 140 4
 1 373 410 206 81 150 5
 3 508 39 203 58 160 6
 0
22
 16711680 5 71 189 71 189 71 124 71 124 163 124 163 124 0 1 0 3
 16711680 5 71 288 71 288 71 371 71 371 163 371 163 371 0 1 0 3
 16711680 5 141 420 141 420 141 124 141 124 176 124 176 124 0 4 0 3
 16711680 5 141 478 141 478 141 371 141 371 176 371 176 371 0 4 0 3
 16711680 5 388 421 388 392 130 392 130 124 189 124 189 124 0 5 0 3
 16711680 5 388 479 388 479 388 393 189 393 189 371 189 371 0 5 0 3
 16711680 5 519 76 519 76 104 76 104 371 202 371 202 371 0 6 0 3
 16711680 5 371 280 371 280 371 380 486 380 486 421 486 421 0 3 0 5
 16711680 5 384 280 384 280 384 372 505 372 505 421 505 421 0 3 0 5
 16711680 5 397 280 397 280 397 363 524 363 524 421 524 421 0 3 0 5
 16711680 5 410 280 410 280 410 389 467 389 467 421 467 421 0 3 0 5
 16711680 5 423 280 423 280 423 353 543 353 543 421 543 421 0 3 0 5
 16711680 5 449 215 449 215 449 157 182 157 182 420 182 420 0 3 0 4
 16711680 5 436 215 436 203 488 203 488 416 448 416 448 421 0 3 0 5
 16711680 5 429 421 429 408 475 408 475 190 423 190 423 215 0 5 0 3
 16711680 5 371 215 371 215 371 215 371 124 371 124 371 124 0 3 0 3
 16711680 5 384 215 384 215 384 105 614 105 614 83 614 83 0 3 0 6
 16711680 5 462 215 462 215 462 83 462 83 554 83 554 83 0 3 0 6
 16711680 5 449 280 449 280 449 292 574 292 574 83 574 83 0 3 0 6
 16711680 5 436 280 436 280 436 306 594 306 594 83 594 83 0 3 0 6
 16711680 5 462 280 462 280 462 371 462 371 345 371 345 371 0 3 0 3
 16711680 5 410 215 410 215 410 396 562 396 562 421 562 421 0 3 0 5
1
 7147 1 16 365 228 5 0 0 0 3
