Version 0.9.7
6
 4 10 175 77 128 0 1
 5 80 400 206 81 2 2
 0 110 110 877 276 8 3
 1 118 395 206 81 140 4
 1 342 399 206 81 160 6
 3 579 407 203 58 170 7
 0
23
 16711680 5 71 189 71 189 78 189 78 124 163 124 163 124 0 1 0 3
 16711680 5 71 288 71 288 71 371 71 371 163 371 163 371 0 1 0 3
 16711680 5 133 406 133 406 133 124 133 124 176 124 176 124 0 4 0 3
 16711680 5 133 464 133 464 133 371 133 371 176 371 176 371 0 4 0 3
 16711680 5 357 410 357 487 133 487 133 124 189 124 189 124 0 6 0 3
 16711680 5 357 468 357 468 357 371 357 371 358 371 358 371 0 6 0 3
 16711680 5 384 215 384 215 384 215 384 124 384 124 384 124 0 3 0 3
 16711680 5 384 280 384 280 384 280 384 371 384 371 384 371 0 3 0 3
 16711680 5 475 280 475 280 475 280 475 371 475 371 475 371 0 3 0 3
 16711680 5 462 280 462 292 613 292 613 451 625 451 625 451 0 3 0 7
 16711680 5 645 451 645 451 614 451 614 215 475 215 475 215 0 7 0 3
 16711680 5 397 215 397 215 365 215 365 371 397 371 397 371 0 3 0 3
 16711680 5 449 280 449 280 449 294 174 294 174 406 174 406 0 3 0 4
 16711680 5 436 280 436 280 436 306 193 306 193 406 193 406 0 3 0 4
 16711680 5 423 280 423 280 423 318 212 318 212 406 212 406 0 3 0 4
 16711680 5 410 280 410 280 410 330 231 330 231 406 231 406 0 3 0 4
 16711680 5 250 406 250 406 250 178 462 178 462 215 462 215 0 4 0 3
 16711680 5 269 406 269 406 269 187 449 187 449 215 449 215 0 4 0 3
 16711680 5 397 280 397 280 418 280 418 410 417 410 417 410 0 3 0 6
 16711680 5 410 215 410 215 410 410 410 410 398 410 398 410 0 3 0 6
 16711680 5 423 215 423 215 423 392 307 392 307 406 307 406 0 3 0 4
 16711680 5 436 215 436 215 436 406 436 406 288 406 288 406 0 3 0 4
 16711680 5 590 444 590 444 590 371 590 371 592 371 592 371 0 7 0 3
1
 7153 1 16 378 228 5 0 0 0 3
