Version 0.9.7
5
 4 10 175 77 128 0 1
 5 80 400 206 81 2 2
 0 110 110 877 276 8 3
 1 121 398 206 81 140 4
 6 538 400 449 130 150 5
 0
20
 16711680 5 554 427 554 427 71 427 71 427 71 189 71 189 0 5 0 1
 16711680 5 71 202 70 202 70 136 163 136 163 137 163 137 0 1 0 3
 16711680 5 71 288 71 288 71 371 71 371 163 371 163 371 0 1 0 3
 16711680 5 136 409 136 409 136 137 136 137 176 137 176 137 0 4 0 3
 16711680 5 136 467 136 467 136 371 136 371 176 371 176 371 0 4 0 3
 16711680 5 384 215 384 215 384 215 384 137 384 137 384 137 0 3 0 3
 16711680 5 475 280 475 280 475 280 475 371 475 371 475 371 0 3 0 3
 16711680 5 462 280 462 280 462 386 177 386 177 409 177 409 0 3 0 4
 16711680 5 384 280 384 280 196 280 196 280 196 409 196 409 0 3 0 4
 16711680 5 397 280 397 280 397 290 215 290 215 409 215 409 0 3 0 4
 16711680 5 449 280 449 280 449 379 234 379 234 409 234 409 0 3 0 4
 16711680 5 436 280 436 280 436 280 436 371 436 371 436 371 0 3 0 3
 16711680 5 371 137 371 137 371 280 371 280 410 280 410 280 0 3 0 3
 16711680 5 397 215 397 215 397 592 640 592 640 523 640 523 0 3 0 5
 16711680 5 410 215 410 215 410 582 653 582 653 523 653 523 0 3 0 5
 16711680 5 423 215 423 215 423 523 423 523 575 523 575 523 0 3 0 5
 16711680 5 436 215 436 215 436 523 436 523 588 523 588 523 0 3 0 5
 16711680 5 449 215 449 215 449 523 449 523 601 523 601 523 0 3 0 5
 16711680 5 462 215 462 215 462 523 462 523 614 523 614 523 0 3 0 5
 16711680 5 475 215 475 215 475 523 475 523 627 523 627 523 0 3 0 5
1
 7047 1 16 378 228 5 0 0 0 3
