Version 0.9.7
7
 4 10 175 77 128 0 1
 5 80 400 206 81 2 2
 0 110 110 877 276 8 3
 1 128 394 206 81 140 4
 3 584 32 203 58 150 5
 6 502 416 449 130 163 6
 1 131 498 206 81 198 7
 0
34
 16711680 5 595 69 595 69 104 69 104 371 176 371 176 371 0 5 0 3
 16711680 5 71 189 71 189 71 124 71 124 163 124 163 124 0 1 0 3
 16711680 5 71 288 71 288 71 371 71 371 163 371 163 371 0 1 0 3
 16711680 5 189 371 189 371 129 371 129 463 143 463 143 463 0 3 0 4
 16711680 5 143 405 143 405 143 124 143 124 176 124 176 124 0 4 0 3
 16711680 5 514 215 514 215 514 215 514 124 514 124 514 124 0 3 0 3
 16711680 5 501 124 501 124 501 319 501 319 540 319 540 319 0 3 0 3
 16711680 5 527 215 527 153 694 153 694 539 604 539 604 539 0 3 0 6
 16711680 5 617 539 617 539 676 539 676 162 540 162 540 215 0 6 0 3
 16711680 5 605 215 605 215 620 215 620 539 591 539 591 539 0 3 0 6
 16711680 5 592 215 592 215 631 215 631 539 578 539 578 539 0 3 0 6
 16711680 5 579 215 579 215 642 215 642 539 565 539 565 539 0 3 0 6
 16711680 5 566 215 566 215 656 215 656 539 552 539 552 539 0 3 0 6
 16711680 5 553 215 553 215 666 215 666 539 539 539 539 539 0 3 0 6
 16711680 5 518 443 518 486 92 486 92 124 189 124 189 124 0 6 0 3
 16711680 5 605 280 605 280 605 280 605 371 605 371 605 371 0 3 0 3
 16711680 5 592 280 592 280 592 239 410 239 410 215 410 215 0 3 0 3
 16711680 5 579 280 579 280 579 252 332 252 332 215 332 215 0 3 0 3
 16711680 5 384 306 384 306 514 306 514 306 514 280 514 280 0 3 0 3
 16711680 5 527 280 527 280 527 306 527 306 332 306 332 306 0 3 0 3
 16711680 5 410 280 410 280 410 387 203 387 203 405 203 405 0 3 0 4
 16711680 5 345 293 345 293 345 374 222 374 222 405 222 405 0 3 0 4
 16711680 5 319 280 319 280 319 383 241 383 241 405 241 405 0 3 0 4
 16711680 5 397 215 397 215 397 197 184 197 184 405 184 405 0 3 0 4
 16711680 5 260 405 260 405 260 202 384 202 384 215 384 215 0 4 0 3
 16711680 5 397 280 397 280 397 301 279 301 279 405 279 405 0 3 0 4
 16711680 5 358 293 358 293 358 388 298 388 298 405 298 405 0 3 0 4
 16711680 5 319 215 319 215 319 405 319 405 317 405 317 405 0 3 0 4
 16711680 5 371 215 371 215 387 215 387 371 371 371 371 371 0 3 0 3
 16711680 5 371 280 371 280 371 280 371 124 371 124 371 124 0 3 0 3
 16711680 5 345 215 345 215 345 76 345 76 630 76 630 76 0 3 0 5
 16711680 5 358 215 358 215 358 509 358 509 187 509 187 509 0 3 0 7
 16711680 5 146 509 146 509 146 124 146 124 202 124 202 124 0 7 0 3
 16711680 5 146 567 146 567 146 371 146 371 202 371 202 371 0 7 0 3
2
 7083 1 16 313 228 5 0 0 0 3
 7047 1 16 508 228 5 0 0 0 3
