Version 0.9.7
5
 4 10 175 77 128 0 1
 5 80 400 206 81 2 2
 0 110 110 877 276 8 3
 1 116 413 206 81 150 5
 3 527 45 203 58 160 6
 0
21
 16711680 5 71 189 71 189 71 124 71 124 163 124 163 124 0 1 0 3
 16711680 5 163 371 163 371 71 371 71 371 71 288 71 288 0 3 0 1
 16711680 5 131 424 131 424 131 124 131 124 176 124 176 124 0 5 0 3
 16711680 5 131 482 131 482 131 371 131 371 176 371 176 371 0 5 0 3
 16711680 5 410 215 410 215 410 215 410 124 410 124 410 124 0 3 0 3
 16711680 5 436 280 436 280 436 290 389 290 389 124 397 124 0 3 0 3
 16711680 5 423 280 423 280 423 280 423 371 423 371 423 371 0 3 0 3
 16711680 5 449 280 449 280 449 280 449 371 449 371 449 371 0 3 0 3
 16711680 5 410 280 410 280 410 424 410 424 305 424 305 424 0 3 0 5
 16711680 5 462 280 462 280 462 297 613 297 613 89 613 89 0 3 0 6
 16711680 5 593 89 593 89 593 300 475 300 475 280 475 280 0 6 0 3
 16711680 5 488 280 488 295 576 295 576 89 573 89 573 89 0 3 0 6
 16711680 5 501 371 501 371 501 371 501 280 501 280 501 280 0 3 0 3
 16711680 5 423 215 423 215 423 424 423 424 229 424 229 424 0 3 0 5
 16711680 5 436 215 436 215 436 424 436 424 286 424 286 424 0 3 0 5
 16711680 5 449 215 449 215 449 424 449 424 210 424 210 424 0 3 0 5
 16711680 5 462 215 462 215 462 424 462 424 172 424 172 424 0 3 0 5
 16711680 5 475 215 475 215 475 424 475 424 191 424 191 424 0 3 0 5
 16711680 5 501 215 501 215 501 424 501 424 248 424 248 424 0 3 0 5
 16711680 5 488 215 488 215 488 424 488 424 267 424 267 424 0 3 0 5
 16711680 5 538 82 538 82 189 82 189 82 189 371 189 371 0 6 0 3
1
 7085 1 16 404 228 5 0 0 0 3
