Version 0.9.7
5
 4 10 175 77 128 0 1
 5 80 400 206 81 2 2
 0 110 110 877 276 8 3
 1 113 406 206 81 150 5
 3 559 50 203 58 160 6
 0
17
 16711680 5 570 87 570 87 189 87 189 87 189 358 189 358 0 6 0 3
 16711680 5 128 475 128 475 156 475 156 358 176 358 176 358 0 5 0 3
 16711680 5 128 417 128 417 128 137 128 137 176 137 176 137 0 5 0 3
 16711680 5 71 189 71 189 163 189 163 189 163 137 163 137 0 1 0 3
 16711680 5 71 288 71 288 71 358 71 358 163 358 163 358 0 1 0 3
 16711680 5 488 215 488 215 488 94 488 94 605 94 605 94 0 3 0 6
 16711680 5 501 215 501 215 501 185 665 185 665 94 665 94 0 3 0 6
 16711680 5 514 215 514 215 513 215 513 358 514 358 514 358 0 3 0 3
 16711680 5 527 215 527 215 527 223 625 223 625 94 625 94 0 3 0 6
 16711680 5 540 215 540 215 540 94 540 94 645 94 645 94 0 3 0 6
 16711680 5 514 280 514 280 514 280 514 124 514 124 514 124 0 3 0 3
 16711680 5 462 215 462 215 169 215 169 215 169 417 169 417 0 3 0 5
 16711680 5 462 280 462 280 462 387 188 387 188 417 188 417 0 3 0 5
 16711680 5 475 280 475 280 475 396 207 396 207 417 207 417 0 3 0 5
 16711680 5 488 280 488 280 488 406 226 406 226 417 226 417 0 3 0 5
 16711680 5 540 280 540 280 540 417 540 417 264 417 264 417 0 3 0 5
 16711680 5 245 417 245 417 527 417 527 417 527 280 527 280 0 5 0 3
1
 7090 1 14 456 228 5 0 1 4214488 3
